12345
22/4/2019
11
543 4532 888.800000 16.000000 66 275.380000 46.000000
544 1 882.740000 7.000000 12 832.020000 20.682733
545 1 891.567400 13.000000 66 269.872400 46.000000
547 66 272.571124 26.000000 77 806.540000 4.000000
548 398 954.450000 4.000000 44 227.360000 66.000000
549 77 814.605400 16.000000 12 815.379600 9.317267
550 44 229.633600 46.000000 398 935.361000 26.000000
551 398 944.714610 6.000000 66 267.119702 26.000000
552 1 900.483074 7.000000 4532 871.024000 3.528656
553 44 231.929936 26.000000 12 799.072008 20.682733
554 398 954.161756 14.000000 4532 853.603520 3.528656
